01110000010010000000000000000000000000000001000100
11011000110000111000000000000000000000000000100000
00000100101000000000000000000000000000000000110000
00100100010000000000000000000101100000000001000000
00010000000000000000000000010001100000000001001000
00001001000000000000000000100000000000000000110000
00001011000000000000000000110100010000000000110000
00000100000111000000000000110000000000000000000000
00000000000000010000000000010110010000000001100000
11000000000001011000011001011100000000000000110000
10010110000110000000011111110000000000011000010011
10010110011010000000011000000000001100011000000001
00010001110000000000000000000000001111111000001100
00100000011100000000000000000000010000000000001010
01000001000000000000000000000000111111011000001010
01110110000000000000000000000001100010111000000100
01000000000000000000000000000001101001000100000000
01100000000000000000000000100000010000111100000000
01100011000000000000000001010000000000011111000100
00000100100000011111000001100000000000000000000010
00000011000000001110000000000000011000000010100010
00000000000001000100000000000000011000000001101100
01101000000011100000000011000000000000000000000000
00000001000110110000000111000000000000000000000000
01100000000011100001000010001000000000001000000010
00001000010001000010100001001000100000010100000110
10001100010000000010110001001000000000001010001011
10110111100000000100000000000011000000000100011100
00000001111000000001000000100110100000000000001000
00000000110010001000000001000000000000000000000111
00000010000000001000000001000011000000000000000011
01001000001000001000000000000001100000000000000000
00000000000110111000000000111000000000000000000000
00000000000011010100000000000000000000000000000000
00000000111011000100000000000000000000000000000000
00000000110101001000000000000001110011000000000000
00000011100100010000000000000000111011000000000000
00000000000101100000000000110000110001100000000000
00000000001100000000000000110000000000000000000000
00000000000001100000000001000000010100000000000000
00000110000000000000000000111000101111001000000000
00000110000000000000000000111001001011001000000000
00000111101000000000000010000011000011001000000000
00000001001010000000000010000010001010000000000000
00000000010010000000100010000000000001000000000000
00000000000001000010010000000010000011000000000000
00000100001101100000010000000100001000000000000000
00011010000000000010101110101110110111100000000000
00011100001001100000001100100111100110100000000100
00111100010010000000011000111000000000000001000100
